AK.BRLK -150.906300  59.751100   409.0
AK.BRSE -150.741394  59.741699   541.0
AK.CHI  -155.622500  55.821800   203.0
AK.CHN  -159.589493  54.831001    71.0
AK.CNP  -151.237300  59.525100   564.0
AK.HOM  -151.651505  59.657200   221.0
AK.O18K -155.208000  59.854200   544.0
AK.P23K -147.403100  59.997900   287.0
AK.SII  -154.184200  56.559300   492.0
AT.CHGN -158.414154  56.301399    17.0
AT.OHAK -153.287506  57.222500    77.5
AT.SDPT -160.476593  55.349300    74.0
AV.ACH  -155.328100  58.210000   960.0
AV.ANCK -155.496100  58.198100   869.0
AV.ANNE -158.061000  56.911900   705.0
AV.ANNW -158.217000  56.965600   816.0
AV.ANON -158.173700  56.919000   445.0
AV.ANPB -158.282900  56.801600   658.0
AV.ANPK -158.128300  56.840900   972.0
AV.AU22 -153.357300  59.370200   105.0
AV.AUCH -153.444700  59.362600   916.0
AV.AUE  -153.377300  59.371100   168.0
AV.AUH  -153.445400  59.363200   890.0
AV.AUI  -153.429900  59.334500   293.0
AV.AUJA -153.422700  59.339500   376.0
AV.AUJK -153.410600  59.349300   377.0
AV.AUL  -153.437900  59.381600   360.0
AV.AULG -153.519300  59.377300     5.0
AV.AUNO -153.451300  59.404100    89.0
AV.AUNW -153.479000  59.377500   160.0
AV.AUP  -153.422600  59.362700  1033.0
AV.AUQ  -153.414300  59.354900   647.0
AV.AUSB -153.428400  59.333000   230.0
AV.AUSS -153.430900  59.358900  1235.0
AV.AUW  -153.473000  59.369400   276.0
AV.AUWS -153.460800  59.358500   487.0
AV.AZAC -158.232800  56.894700  1057.0
AV.BGM  -155.231500  59.392000   625.0
AV.BLDY -162.785600  55.193600   259.0
AV.BLHA -162.061100  55.703800   411.0
AV.BPBC -158.454700  56.588900   584.0
AV.CAHL -155.303600  58.051800   807.0
AV.CDD  -153.644900  58.928900   622.0
AV.CNTC -155.885800  58.263800  1158.0
AV.DOL  -161.863800  55.148800   439.0
AV.DT1  -162.280100  55.106200   198.0
AV.DTN  -162.259000  55.144800   396.0
AV.FONW -153.920400  58.834100   905.0
AV.FOPK -153.476200  58.757400   546.0
AV.FOSS -153.697100  58.798700  1268.0
AV.HAG  -161.904500  55.317000   516.0
AV.ILS  -153.070300  59.957000  1125.0
AV.ILSW -153.142500  59.983200  1318.0
AV.KABR -154.970500  58.130400   940.0
AV.KABU -155.284300  58.270200  1065.0
AV.KAHC -155.008100  58.648300  1250.0
AV.KAHG -154.548400  58.493300   923.0
AV.KAIC -155.047900  58.484300   734.0
AV.KAKN -155.063200  58.296300  1049.0
AV.KAPH -154.348900  58.596100   907.0
AV.KARR -154.705400  58.497100   610.0
AV.KAWH -154.801300  58.383000   777.0
AV.KBM  -155.203800  58.274300   732.0
AV.KCE  -155.185400  58.242600   777.0
AV.KCG  -155.113500  58.306900   762.0
AV.KEL  -155.742800  58.439300   975.0
AV.KJL  -155.575300  58.053300   792.0
AV.KVT  -155.297100  58.381000   457.0
AV.MGLS -155.162900  58.133600   472.0
AV.MMN  -154.338900  59.184500   442.0
AV.OPT  -153.232100  59.652600   602.0
AV.PDB  -154.191700  59.784100   360.0
AV.PLBL -156.821000  57.699100   461.0
AV.PLK1 -156.609300  57.801200    78.0
AV.PLK2 -156.326400  57.763400   401.0
AV.PLK3 -156.269500  57.688000   494.0
AV.PLK4 -156.359800  57.631400  1031.0
AV.PLK5 -156.880000  57.997000    49.0
AV.PLWL -156.343400  58.044200   585.0
AV.PN7A -161.997300  55.432900   838.0
AV.PS1A -161.743700  55.420100   283.0
AV.PS4A -161.856700  55.346000   322.0
AV.PV6A -161.971400  55.507000   352.0
AV.PVV  -161.791900  55.373200   173.0
AV.SYI  -152.393500  58.609400   149.0
AV.VNFG -159.553200  56.284900  1068.0
AV.VNHG -159.166300  56.220300   966.0
AV.VNKR -159.369900  56.030400   620.0
AV.VNNF -159.318100  56.282900  1153.0
AV.VNSG -159.087500  56.125000   761.0
AV.VNSS -159.456900  56.225900  1733.0
AV.VNSW -159.560600  56.071200   716.0
AV.VNWF -159.564300  56.150900  1095.0
GM.AD07 -151.836594  59.779942    40.0
II.KDAK -152.583500  57.782800   152.0
PN.NHSA -151.612701  59.811100     0.0
PN.PPSBE -151.712006  59.442001    30.0
PN.SBEA -151.712296  59.442299     0.0
TA.N14K -161.685200  59.923700    21.0
TA.O14K -161.263800  59.253300   129.0
TA.O15K -159.824600  59.176700   306.0
TA.O16K -158.093200  59.593800   198.0
TA.O17K -157.094600  59.773300   156.0
TA.O18K -155.208000  59.854200   544.0
TA.P16K -157.990600  59.031400    85.9
TA.P17K -156.439400  59.195300    91.0
TA.P18K -155.229200  59.392200   680.0
TA.P19K -153.231900  59.652400   629.0
TA.P23K -147.403100  59.997900   287.0
TA.Q16K -156.655600  58.677400    22.0
TA.Q17K -155.886500  58.263700  1165.0
TA.Q18K -155.008600  58.648400  1250.0
TA.Q19K -153.644600  58.928700   631.0
TA.Q20K -152.394200  58.609700   180.0
TA.R16K -157.574200  57.567300    38.0
TA.R17K -156.387207  57.639702   273.0
TA.R17L -156.359900  57.631300   524.0
TA.R18K -154.452400  57.566500    39.0
TA.S12K -162.061000  55.703000   411.0
TA.S14K -159.553200  56.284800  1059.0
XO.EP14 -155.903600  59.325700    56.0
XO.EP15 -155.086700  58.966400   249.0
XO.EP16 -156.856700  59.112600    43.0
XO.EP21 -157.376900  58.212000    46.0
XO.EP22 -155.786500  57.900700    63.0
XO.EP23 -157.020100  56.907100    39.0
XO.ET17 -156.265000  58.609700    51.0
XO.ET18 -155.788000  58.545800    60.0
XO.ET19 -155.439400  58.368600   322.0
XO.ET20 -154.971600  58.130400   965.5
XO.KD00 -152.448400  57.441300    98.0
XO.KD01 -152.437500  57.640100    79.0
XO.KD02 -152.657500  57.861800    57.0
XO.KD04 -152.849700  57.304200    34.0
XO.KD05 -153.409900  57.871700    38.0
XO.KD12 -154.612200  57.313000    90.0
XO.KS03 -152.235300  57.613300    45.0
XO.KS11 -153.087900  57.127700    39.0
XO.KS13 -154.172900  56.947200    45.0
XO.KT06 -154.004100  57.651700    46.0
XO.KT07 -153.981400  57.537500    38.0
XO.KT08 -153.814900  57.443000    41.0
XO.KT09 -153.794500  57.348000    47.0
XO.KT10 -153.660000  57.295000    43.0
XO.LA21 -155.073500  54.369100 -5113.0
XO.LA23 -155.237600  54.916300 -3977.0
XO.LA25 -155.940800  54.890100 -2622.0
XO.LA26 -156.256100  54.512900 -5103.0
XO.LA28 -156.603000  54.898300 -1852.0
XO.LA29 -157.370500  54.291800 -4408.0
XO.LA30 -157.420300  54.672700 -1564.0
XO.LA32 -157.852200  54.498200 -1595.0
XO.LA33 -158.114300  54.152800 -4478.0
XO.LA34 -158.588100  54.044900 -4612.0
XO.LA39 -151.001100  56.882700 -1628.0
XO.LD35 -158.872000  54.249500 -1993.0
XO.LD36 -155.752500  55.252400  -935.0
XO.LD37 -151.100500  55.676400 -4826.0
XO.LD38 -151.675600  55.164900 -4043.0
XO.LD40 -152.410200  56.303700 -1055.0
XO.LD41 -153.407400  54.521900 -4284.0
XO.LD44 -159.773600  53.830200 -4675.0
XO.LD45 -159.882900  54.102500 -2019.0
XO.LT01 -152.522800  56.775600  -156.0
XO.LT02 -153.261100  56.693200  -152.0
XO.LT03 -154.166500  57.866800  -202.0
XO.LT04 -154.444600  56.111800  -157.0
XO.LT05 -155.346900  56.823000  -236.0
XO.LT06 -155.997900  56.216700  -225.0
XO.LT07 -156.119900  56.671200  -262.0
XO.LT08 -156.597500  55.588300  -246.0
XO.LT09 -157.138900  55.121500  -151.0
XO.LT10 -157.325100  55.625100   -98.0
XO.LT11 -157.335500  56.120200  -162.0
XO.LT12 -157.778000  55.207000   -83.0
XO.LT13 -158.346600  54.843900  -203.0
XO.LT14 -158.030200  55.699800  -125.0
XO.LT15 -158.359800  55.200200  -167.0
XO.LT16 -158.601300  55.491600  -125.0
XO.LT17 -160.201600  54.567700  -114.0
XO.LT18 -160.581400  54.740000  -115.0
XO.LT20 -161.374600  54.800200  -150.0
XO.WD46 -149.703732  55.521393 -4349.0
XO.WD47 -150.444792  54.951352 -3999.0
XO.WD48 -151.731343  56.627365 -1324.0
XO.WD49 -151.899470  54.399083 -4091.0
XO.WD50 -152.391763  55.449527 -4986.6
XO.WD51 -152.771768  55.905087 -4361.0
XO.WD52 -159.346215  54.046622 -2564.0
XO.WD53 -153.422908  53.779448 -4646.0
XO.WD54 -149.066665  56.331433 -4520.0
XO.WD55 -153.662817  55.761625 -1284.0
XO.WD56 -154.047078  55.322267 -4060.0
XO.WD57 -154.434305  54.736387 -5053.0
XO.WD58 -155.035345  53.906227 -4493.0
XO.WD59 -155.799387  53.383713 -4550.0
XO.WD60 -156.579823  52.644867 -4519.0
XO.WD61 -156.868282  54.647613 -2067.0
XO.WD62 -157.331882  53.361962 -4626.0
XO.WD63 -158.093575  52.590072 -4656.0
XO.WD64 -158.691562  52.001077 -4754.0
XO.WD65 -158.912380  52.899057 -4718.0
XO.WD66 -159.617565  53.314520 -4941.0
XO.WD67 -160.035832  52.162563 -4652.0
XO.WD68 -160.081145  52.917603 -4715.0
XO.WD69 -160.342890  53.782065 -3896.0
XO.WD70 -151.234407  56.541073 -3253.0
XO.WP24 -158.660300  56.924100    43.0
XO.WP25 -159.756300  56.453000    47.0
XO.WP30 -161.201400  56.001000    41.0
XO.WS26 -159.143100  55.912300    36.0
XO.WS27 -159.913600  55.223600    41.0
XO.WS28 -162.299200  55.074600    45.0
XO.WS71 -153.078922  56.156950 -1554.8
XO.WS72 -151.810630  56.257748 -4141.7
XO.WS73 -158.513277  54.419958 -2132.9
XO.WS74 -159.361628  54.369193  -902.9
XO.WS75 -160.256908  54.179630 -1108.9
